3
4
6
8
9
11
12
13
14
15
16
17
18
20
21
22
23
24
25
26
27
28
29
30
31
32
33
34
35
36
37
39
40
41
42
43
46
47
48
49
50
51
52
54
55
56
57
58
59
61
62
64
65
66
67
70
71
72
73
75
76
77
78
79
82
83
84
85
86
87
88
90
91
92
93
94
95
96
97
98
99
100
101
102
103
104
105
106
107
109
110
111
112
113
114
115
116
118
120
121
124
126
128
130
131
132
133
134
135
136
137
139
140
141
142
143
144
145
147
148
149
150
151
152
153
154
155
156
157
158
159
160
161
162
163
164
165
166
167
168
169
170
171
172
173
177
178
179
180
183
184
185
187
188
191
192
193
194
195
196
198
200
202
204
205
206
207
209
210
211
212
214
215
220
222
223
224
225
226
227
228
229
231
233
234
235
236
237
238
241
242
243
244
247
249
251
254
255
256
258
259
260
261
262
263
264
265
266
267
268
271
273
274
276
278
279
280
281
282
284
285
286
287
291
292
293
294
296
297
298
299
300
301
302
304
305
306
307
308
309
310
312
313
315
316
317
318
319
320
321
322
323
325
326
327
328
329
330
331
332
333
334
335
336
337
338
339
341
343
344
345
346
347
349
351
352
354
355
356
357
358
359
360
361
362
363
364
365
366
368
369
370
371
372
374
376
377
378
379
380
381
382
383
384
385
388
389
390
391
392
393
394
395
396
398
399
400
401
402
403
409
411
414
415
416
417
418
419
420
421
422
423
425
426
427
428
430
431
432
433
434
435
436
437
440
441
443
444
446
448
449
450
452
454
455
456
457
458
460
461
462
463
464
465
468
469
470
471
472
475
476
477
478
480
482
483
484
486
487
490
491
492
493
494
495
496
497
498
499
500
501
502
505
506
507
508
509
510
511
512
514
515
516
517
519
520
522
523
524
525
526
527
528
529
530
531
532
535
536
537
538
539
540
541
543
544
545
547
548
549
550
551
552
553
554
555
556
557
558
559
561
562
563
564
565
566
568
569
572
573
574
580
581
583
585
587
588
589
590
591
592
593
594
595
596
597
598
600
601
602
603
604
605
606
607
608
610
611
612
613
614
615
618
619
621
622
623
624
625
626
628
629
631
632
633
635
636
637
638
639
640
642
643
644
645
646
647
648
650
651
653
654
655
656
657
658
659
660
661
662
663
665
666
667
669
670
671
673
674
675
676
677
680
681
684
686
687
688
690
692
694
695
696
697
698
699
700
701
702
703
704
705
707
708
709
710
711
712
715
716
718
719
720
721
722
723
724
725
727
729
730
732
733
735
736
737
738
739
742
743
745
746
749
751
754
755
756
757
759
760
761
762
763
765
766
767
768
769
770
771
772
773
774
775
776
777
780
781
782
783
784
785
787
788
789
790
791
792
793
794
795
797
800
804
807
808
809
810
811
812
813
814
815
816
817
818
819
820
821
822
823
826
827
829
831
832
833
834
835
839
840
841
842
843
844
845
846
847
848
849
850
851
852
853
854
855
856
857
858
859
861
862
863
864
865
866
867
868
869
870
872
873
875
877
878
879
881
882
883
884
885
886
889
892
893
894
895
896
897
898
899
900
901
902
904
907
908
909
910
912
914
915
916
919
920
922
923
924
927
928
929
930
931
932
933
934
938
939
941
942
943
944
945
946
949
951
952
953
954
955
956
957
958
959
962
963
964
965
967
969
970
971
972
973
975
978
979
980
981
982
983
984
987
988
989
991
992
998
999
