108
10
117
119
122
123
125
127
129
138
146
174
175
176
181
182
186
189
190
197
199
19
1
201
203
208
213
216
217
218
219
221
230
232
239
240
245
246
248
250
252
253
257
269
270
272
275
277
283
288
289
290
295
2
303
311
314
324
340
342
348
350
353
367
373
375
386
387
38
397
404
405
406
407
408
410
412
413
424
429
438
439
442
445
447
44
451
453
459
45
466
467
473
474
479
481
485
488
489
503
504
513
518
521
533
534
53
542
546
560
567
570
571
575
576
577
578
579
582
584
586
599
5
609
60
616
617
620
627
630
634
63
641
649
652
664
668
672
678
679
682
683
685
689
68
691
693
69
706
713
714
717
726
728
731
734
740
741
744
747
748
74
750
752
753
758
764
778
779
786
796
798
799
7
801
802
803
805
806
80
81
824
825
828
830
836
837
838
860
871
874
876
880
887
888
890
891
89
903
905
906
911
913
917
918
921
925
926
935
936
937
940
947
948
950
960
961
966
968
974
976
977
985
986
990
993
994
995
996
997
